0 0.637625 0.8079375 0.007 0.007
0 0.6200625 0.78571875 0.007 0.007
0 0.5985 0.77409375 0.007 0.007
0 0.5985 0.7435312500000001 0.007 0.007
0 0.5985 0.71328125 0.007 0.007
0 0.56434375 0.77409375 0.007 0.007
0 0.56434375 0.7435312500000001 0.007 0.007
0 0.56434375 0.71328125 0.007 0.007
0 0.5533125 0.8034375 0.007 0.007
1 0.7053125 0.7628437499999999 0.007 0.007
1 0.7053125 0.38903125000000005 0.007 0.007
1 0.6770937499999999 0.51625 0.007 0.007
1 0.34159375 0.7142499999999999 0.007 0.007
1 0.32790625 0.47515625 0.007 0.007
2 0.75109375 0.8624062499999999 0.007 0.007
2 0.75109375 0.819375 0.007 0.007
2 0.7386875 0.40953125 0.007 0.007
2 0.7386875 0.37353125 0.007 0.007
2 0.7386875 0.33040625 0.007 0.007
2 0.73209375 0.4921875 0.007 0.007
2 0.73209375 0.4506875 0.007 0.007
2 0.7315312500000001 0.77971875 0.007 0.007
2 0.7315312500000001 0.7369374999999999 0.007 0.007
2 0.7315312500000001 0.69571875 0.007 0.007
2 0.7240000000000001 0.86946875 0.007 0.007
2 0.7240000000000001 0.84828125 0.007 0.007
2 0.7240000000000001 0.8132187500000001 0.007 0.007
2 0.69915625 0.45 0.007 0.007
2 0.69915625 0.34450000000000003 0.007 0.007
2 0.69865625 0.7095 0.007 0.007
2 0.6974687500000001 0.84465625 0.007 0.007
2 0.6974687500000001 0.78296875 0.007 0.007
2 0.6766562500000001 0.311875 0.007 0.007
2 0.6765000000000001 0.7357187500000001 0.007 0.007
2 0.67434375 0.87515625 0.007 0.007
2 0.6733437499999999 0.7564375 0.007 0.007
2 0.6713125 0.32634375 0.007 0.007
2 0.667625 0.7265937499999999 0.007 0.007
2 0.66559375 0.44121875000000005 0.007 0.007
2 0.6540625 0.77159375 0.007 0.007
2 0.6535625 0.8625624999999999 0.007 0.007
2 0.65 0.66415625 0.007 0.007
2 0.65 0.6091875 0.007 0.007
2 0.65 0.55121875 0.007 0.007
2 0.6459375 0.7564375 0.007 0.007
2 0.641875 0.42028125000000005 0.007 0.007
2 0.6401875 0.37015625 0.007 0.007
2 0.6338125 0.8625624999999999 0.007 0.007
2 0.60921875 0.8736562499999999 0.007 0.007
2 0.59921875 0.6571250000000001 0.007 0.007
2 0.59921875 0.523625 0.007 0.007
2 0.598875 0.47090625 0.007 0.007
2 0.58440625 0.9008750000000001 0.007 0.007
2 0.58440625 0.85328125 0.007 0.007
2 0.58403125 0.37865625 0.007 0.007
2 0.58040625 0.32584375 0.007 0.007
2 0.58040625 0.28371875 0.007 0.007
2 0.566625 0.42028125000000005 0.007 0.007
2 0.5655 0.47090625 0.007 0.007
2 0.531625 0.3881875 0.007 0.007
2 0.531625 0.30590625 0.007 0.007
2 0.5261875 0.47090625 0.007 0.007
2 0.51090625 0.81453125 0.007 0.007
2 0.51090625 0.757875 0.007 0.007
2 0.51090625 0.7016875 0.007 0.007
2 0.5074062500000001 0.6571250000000001 0.007 0.007
2 0.5074062500000001 0.523625 0.007 0.007
2 0.5060625000000001 0.9008750000000001 0.007 0.007
2 0.5060625000000001 0.8541249999999999 0.007 0.007
2 0.49315624999999996 0.42028125000000005 0.007 0.007
2 0.49315624999999996 0.3881875 0.007 0.007
2 0.49315624999999996 0.3473125 0.007 0.007
2 0.49315624999999996 0.30590625 0.007 0.007
2 0.49315624999999996 0.27690625 0.007 0.007
2 0.48903125000000003 0.47090625 0.007 0.007
2 0.48371875000000003 0.8736562499999999 0.007 0.007
2 0.4488125 0.47090625 0.007 0.007
2 0.44059375 0.42028125000000005 0.007 0.007
2 0.44059375 0.3881875 0.007 0.007
2 0.44059375 0.3473125 0.007 0.007
2 0.44059375 0.30590625 0.007 0.007
2 0.44059375 0.27690625 0.007 0.007
2 0.43334375 0.9116562500000001 0.007 0.007
2 0.43334375 0.8684999999999999 0.007 0.007
2 0.42515625 0.81453125 0.007 0.007
2 0.42515625 0.757875 0.007 0.007
2 0.42515625 0.7016875 0.007 0.007
2 0.412625 0.6571250000000001 0.007 0.007
2 0.412625 0.523625 0.007 0.007
2 0.412625 0.47090625 0.007 0.007
2 0.407375 0.3881875 0.007 0.007
2 0.407375 0.30590625 0.007 0.007
2 0.367875 0.8030625 0.007 0.007
2 0.367875 0.73225 0.007 0.007
2 0.35850000000000004 0.47090625 0.007 0.007
2 0.35850000000000004 0.4196875 0.007 0.007
2 0.35850000000000004 0.38109375 0.007 0.007
2 0.35850000000000004 0.3403125 0.007 0.007
2 0.35715625 0.65934375 0.007 0.007
2 0.35715625 0.60575 0.007 0.007
2 0.35715625 0.5521875 0.007 0.007
2 0.3568125 0.8625624999999999 0.007 0.007
2 0.337625 0.82040625 0.007 0.007
2 0.32671875 0.7474375000000001 0.007 0.007
2 0.32603125 0.65934375 0.007 0.007
2 0.32603125 0.60575 0.007 0.007
2 0.32603125 0.5521875 0.007 0.007
2 0.31971875 0.47068750000000004 0.007 0.007
2 0.298875 0.7411875000000001 0.007 0.007
2 0.2975625 0.4109375 0.007 0.007
2 0.29390625 0.7636875000000001 0.007 0.007
2 0.29134375 0.84184375 0.007 0.007
2 0.28965625 0.726875 0.007 0.007
2 0.2880625 0.3969375 0.007 0.007
2 0.28046875 0.3403125 0.007 0.007
2 0.27946875 0.43090625000000005 0.007 0.007
2 0.2745625 0.7879375000000001 0.007 0.007
2 0.27168749999999997 0.7662187500000001 0.007 0.007
2 0.2494375 0.8136875 0.007 0.007
2 0.248125 0.7636875000000001 0.007 0.007
3 0.34159375 0.80840625 0.007 0.007
3 0.324 0.80840625 0.007 0.007
4 0.63765625 0.822375 0.007 0.007
4 0.63765625 0.7855 0.007 0.007
4 0.611625 0.822375 0.007 0.007
4 0.59828125 0.7855 0.007 0.007
4 0.59828125 0.755125 0.007 0.007
4 0.59828125 0.72496875 0.007 0.007
4 0.59828125 0.69375 0.007 0.007
4 0.57778125 0.82696875 0.007 0.007
4 0.5642499999999999 0.78565625 0.007 0.007
4 0.5642499999999999 0.755125 0.007 0.007
4 0.5642499999999999 0.72496875 0.007 0.007
4 0.5642499999999999 0.69375 0.007 0.007
4 0.55346875 0.815875 0.007 0.007
5 0.684875 0.702625 0.007 0.007
5 0.30675 0.70578125 0.007 0.007
